0.801559 0.139031 0.264999 0.089031 0.075472 0.455887 0.583643 0.904452 0
0.639890 0.850399 0.803426 0.099601 0.059358 0.433431 0.996340 0.986194 100
0.778306 0.846937 0.152558 0.102558 0.013502 0.929518 0.026417 0.156136 200
0.431947 0.557704 0.686920 0.206185 0.104446 0.765158 0.532272 0.347553 300
0.760179 0.788432 0.798938 0.151062 0.088556 0.735818 0.471720 0.976991 400
0.787694 0.480230 0.549706 0.162306 0.130851 0.230409 0.694376 0.329717 500
0.623861 0.333361 0.260407 0.023324 0.011129 0.856203 0.921576 0.781982 600
0.352050 0.813923 0.669356 0.136077 0.086926 0.211910 0.758859 0.901346 700
0.685587 0.658474 0.490516 0.048002 0.027188 0.559255 0.198616 0.215915 800
0.291883 0.106028 0.237355 0.056028 0.010241 0.056664 0.989537 0.499642 900
0.633112 0.880444 0.772235 0.069556 0.011960 0.887589 0.545878 0.559204 1000
0.800669 0.878467 0.708333 0.071533 0.018642 0.547748 0.857024 0.569205 1100
0.267978 0.866140 0.557356 0.083860 0.053256 0.010932 0.940282 0.001160 1200
0.562744 0.607746 0.514303 0.239930 0.077983 0.738189 0.713683 0.329741 1300
0.609575 0.753191 0.353658 0.185848 0.005669 0.578706 0.152179 0.310083 1400
0.497899 0.789799 0.811482 0.072393 0.039219 0.144235 0.062638 0.322420 1500
0.231098 0.352319 0.215618 0.165618 0.011924 0.981175 0.184242 0.127610 1600
0.719671 0.619935 0.229475 0.179475 0.008499 0.592151 0.711030 0.874458 1700
0.802556 0.686905 0.451749 0.147444 0.105374 0.239660 0.247321 0.540072 1800
0.264309 0.194967 0.444208 0.144967 0.063758 0.344021 0.592875 0.587235 1900
0.682690 0.423337 0.183023 0.133023 0.003634 0.884429 0.387476 0.412079 2000
0.723305 0.872691 0.829074 0.077309 0.044852 0.764964 0.032502 0.430776 2100
0.855769 0.292006 0.225389 0.001432 0.001317 0.476977 0.269066 0.164260 2200
0.520461 0.351183 0.681821 0.268179 0.078066 0.525113 0.171147 0.206354 2300
0.230980 0.665390 0.806356 0.143644 0.048636 0.835950 0.750383 0.281573 2400
0.825480 0.230779 0.648888 0.124520 0.034544 0.695197 0.306737 0.686667 2500
0.794145 0.794802 0.591340 0.155198 0.051004 0.605418 0.630762 0.186209 2600
0.341771 0.165040 0.596216 0.115040 0.084859 0.561280 0.145446 0.044911 2700
0.359705 0.609738 0.772498 0.069751 0.013609 0.775463 0.673810 0.857376 2800
0.179685 0.481399 0.137888 0.087888 0.004590 0.392658 0.450654 0.468189 2900
0.688898 0.775119 0.649760 0.005933 0.002900 0.908657 0.891906 0.899311 3000
0.226519 0.842593 0.518008 0.073496 0.028137 0.698939 0.324165 0.765550 3100
0.889783 0.492418 0.128497 0.020237 0.005098 0.221519 0.618526 0.110520 3200
0.858353 0.659115 0.376897 0.091647 0.090844 0.566388 0.452608 0.590945 3300
0.615725 0.681545 0.880170 0.069830 0.051840 0.099901 0.016004 0.903213 3400
0.126724 0.402221 0.511306 0.076724 0.039552 0.270844 0.629662 0.258223 3500
0.881388 0.698152 0.158043 0.068612 0.029823 0.876309 0.756404 0.558949 3600
0.567448 0.567531 0.201805 0.034158 0.005824 0.758088 0.367085 0.226205 3700
0.202700 0.111145 0.427808 0.061145 0.043564 0.120405 0.470244 0.081685 3800
0.853260 0.264261 0.220277 0.096740 0.013246 0.828021 0.862990 0.290491 3900
0.158351 0.291106 0.349009 0.108351 0.030605 0.420665 0.600219 0.028751 4000
0.757838 0.412969 0.225125 0.175125 0.085989 0.583502 0.072397 0.780094 4100
0.775371 0.450865 0.877264 0.022986 0.004445 0.988157 0.532976 0.186611 4200
0.688408 0.492066 0.689711 0.078416 0.059634 0.617031 0.377870 0.092440 4300
0.704769 0.545939 0.595783 0.245231 0.235467 0.871774 0.589063 0.992250 4400
0.517209 0.217136 0.243788 0.014840 0.008694 0.566377 0.677681 0.519462 4500
0.322342 0.363555 0.648752 0.073195 0.022056 0.245643 0.114651 0.849434 4600
0.686076 0.384548 0.162922 0.006238 0.003274 0.577442 0.671071 0.794431 4700
0.615526 0.317905 0.659440 0.267905 0.226991 0.546818 0.625207 0.849752 4800
0.122094 0.644561 0.658424 0.072094 0.046011 0.859208 0.686035 0.201110 4900
0.213860 0.649280 0.147795 0.097795 0.014146 0.572463 0.388789 0.403308 5000
0.423990 0.820980 0.767456 0.129020 0.090837 0.019344 0.263623 0.569072 5100
0.627509 0.895896 0.570344 0.054104 0.040673 0.634029 0.784634 0.105302 5200
0.198360 0.232992 0.371980 0.148360 0.080050 0.432055 0.856963 0.184510 5300
0.284621 0.454474 0.390093 0.234621 0.218200 0.335043 0.940862 0.352916 5400
0.193589 0.339570 0.844536 0.062122 0.043001 0.640930 0.915014 0.920823 5500
0.295669 0.147326 0.581048 0.097326 0.088995 0.490648 0.106743 0.427182 5600
0.535388 0.769184 0.443921 0.038145 0.025792 0.411187 0.568044 0.236003 5700
0.368395 0.402219 0.516835 0.241885 0.094597 0.644498 0.061603 0.019668 5800
0.472170 0.162092 0.263119 0.112092 0.024421 0.876958 0.193674 0.663997 5900
0.151811 0.759360 0.728312 0.017554 0.012235 0.938854 0.834987 0.042292 6000
0.132574 0.805873 0.785947 0.082574 0.013215 0.676279 0.122046 0.073977 6100
0.720487 0.524885 0.425654 0.075619 0.071895 0.424966 0.972912 0.356473 6200
0.264361 0.332346 0.319559 0.214361 0.077579 0.021092 0.843447 0.702607 6300
0.446839 0.103451 0.477022 0.053451 0.012874 0.944044 0.663116 0.368014 6400
0.837763 0.235056 0.338359 0.068493 0.024800 0.980502 0.979892 0.564585 6500
0.647920 0.694016 0.371144 0.167738 0.092906 0.132496 0.956777 0.161422 6600
0.214286 0.616666 0.583018 0.164286 0.107505 0.267168 0.839381 0.192342 6700
0.751749 0.566064 0.745441 0.043789 0.030452 0.393548 0.223918 0.841987 6800
0.726204 0.555477 0.239050 0.189050 0.168603 0.887139 0.175080 0.158537 6900
0.894786 0.475260 0.738552 0.055214 0.027018 0.293719 0.473697 0.381094 7000
0.766309 0.307464 0.435070 0.161685 0.117339 0.566086 0.735465 0.016402 7100
0.293094 0.697825 0.781537 0.168463 0.085249 0.486389 0.159574 0.976498 7200
0.254904 0.136952 0.201825 0.086952 0.065791 0.046580 0.247819 0.211903 7300
0.264037 0.578843 0.684613 0.214037 0.027466 0.566128 0.393147 0.882503 7400
0.544939 0.256737 0.128217 0.078217 0.071273 0.350756 0.407557 0.402323 7500
0.689248 0.845004 0.636402 0.104996 0.073831 0.880495 0.193421 0.191818 7600
0.226160 0.184924 0.816934 0.118450 0.021530 0.190746 0.829867 0.824356 7700
0.289651 0.424989 0.450258 0.239651 0.152647 0.809642 0.592264 0.282872 7800
0.133721 0.810464 0.304151 0.083721 0.009053 0.479920 0.667442 0.819908 7900
0.787379 0.664442 0.723715 0.162621 0.052064 0.214572 0.901560 0.612436 8000
0.880843 0.215154 0.288440 0.069157 0.068700 0.990614 0.683191 0.896483 8100
0.189062 0.749743 0.547503 0.139062 0.128506 0.011617 0.621679 0.112468 8200
0.603820 0.746606 0.833900 0.116100 0.088777 0.719100 0.516997 0.355768 8300
0.299614 0.668960 0.776130 0.173870 0.116136 0.118619 0.090186 0.642294 8400
0.548561 0.515897 0.872228 0.077772 0.062070 0.437820 0.494940 0.625976 8500
0.419697 0.465869 0.276586 0.150423 0.054096 0.179896 0.319685 0.635366 8600
0.324567 0.116076 0.384396 0.066076 0.054586 0.113048 0.406111 0.519481 8700
0.591208 0.742293 0.295797 0.166841 0.013648 0.678836 0.912164 0.657988 8800
0.508675 0.664161 0.275567 0.225567 0.148711 0.651199 0.186154 0.954049 8900
0.634258 0.723570 0.701545 0.015254 0.010534 0.684127 0.123518 0.586371 9000
0.362142 0.821209 0.423214 0.128791 0.065505 0.915612 0.653629 0.763554 9100
0.793233 0.723439 0.714050 0.156767 0.048738 0.670668 0.549925 0.166536 9200
0.585935 0.502430 0.739473 0.152757 0.101368 0.356673 0.219596 0.550392 9300
0.154626 0.790237 0.703039 0.104626 0.032819 0.578400 0.485229 0.046504 9400
0.771084 0.624450 0.780657 0.169343 0.130218 0.716188 0.208981 0.562839 9500
0.386876 0.600325 0.116725 0.066725 0.054474 0.445401 0.929356 0.603258 9600
0.152224 0.165989 0.118051 0.068051 0.014478 0.387799 0.216550 0.911784 9700
0.243354 0.819281 0.749928 0.130719 0.056082 0.176436 0.322085 0.882981 9800
0.500345 0.458738 0.351178 0.239970 0.026015 0.165945 0.680211 0.025665 9900
